https://twitter.com/debtreliefsteps/status/703097999514214400
https://twitter.com/akaHitch/status/701184211315720192
https://twitter.com/debtreliefsteps/status/699288530980212738
https://twitter.com/debtreliefsteps/status/702896032716189698
https://twitter.com/SiteRank_Today/status/701880471114780673
https://twitter.com/debtreliefsteps/status/697187627338899456
https://twitter.com/debtreliefsteps/status/693447856259117060
https://twitter.com/debtreliefsteps/status/692912442037370880
https://twitter.com/debtreliefsteps/status/691876813455376386
https://twitter.com/debtreliefsteps/status/702908065515859968
https://twitter.com/debtreliefsteps/status/702501280359428096
https://twitter.com/debtreliefsteps/status/698598176383569922
https://twitter.com/debtreliefsteps/status/698445980555997184
https://twitter.com/debtreliefsteps/status/694415790611640320
https://twitter.com/debtreliefsteps/status/695969842222903297
https://twitter.com/debtreliefsteps/status/696621259824582656
https://twitter.com/debtreliefsteps/status/692259102102257664
https://twitter.com/debtreliefsteps/status/721548699655020545
https://twitter.com/jackhartmann/status/719642532750225408
https://twitter.com/debtreliefsteps/status/714900370242179072
https://twitter.com/debtreliefsteps/status/722108735766704128
https://twitter.com/debtreliefsteps/status/716141959589396480
https://twitter.com/debtreliefsteps/status/719376666074583040
https://twitter.com/debtreliefsteps/status/719014469976743936
https://twitter.com/debtreliefsteps/status/713876469257101312
https://twitter.com/debtreliefsteps/status/722660472160448512
https://twitter.com/debtreliefsteps/status/726311414927781888
https://twitter.com/debtreliefsteps/status/714080926624456704
https://twitter.com/debtreliefsteps/status/713804134491693057
https://twitter.com/debtreliefsteps/status/726115659424243712
https://twitter.com/debtreliefsteps/status/718949730504482820
https://twitter.com/debtreliefsteps/status/717784941761658880
https://twitter.com/debtreliefsteps/status/719123201259757568
https://twitter.com/debtreliefsteps/status/718392073402101760
https://twitter.com/debtreliefsteps/status/716409647142338560
https://twitter.com/debtreliefsteps/status/717140960853889024
https://twitter.com/debtreliefsteps/status/717136903691046912
https://twitter.com/HappilyH/status/860923627742605313
https://twitter.com/sayhar/status/640685194488487936
https://twitter.com/debtreliefsteps/status/593923672366166017
https://twitter.com/plussone/status/593883644437008384
https://twitter.com/cliffpotts/status/584526016795684864
https://twitter.com/debtreliefsteps/status/590794869167099905
https://twitter.com/debtreliefsteps/status/592470876668317696
https://twitter.com/cliffpotts/status/583773365485187072
https://twitter.com/NuestroChicago/status/583783124380844032
https://twitter.com/debtreliefsteps/status/589170204942282752
https://twitter.com/particle61/status/583865909095354368
https://twitter.com/debtreliefsteps/status/592799945259900929
https://twitter.com/debtreliefsteps/status/593009800696307712
https://twitter.com/debtreliefsteps/status/591791848726790144
https://twitter.com/debtreliefsteps/status/583356694836613120
https://twitter.com/debtreliefsteps/status/586330059696287744
https://twitter.com/debtreliefsteps/status/591184052515831808
https://twitter.com/debtreliefsteps/status/586853594093064193
https://twitter.com/debtreliefsteps/status/592521352516501504
https://twitter.com/debtreliefsteps/status/585156718058835968
https://twitter.com/debtreliefsteps/status/588656452748713984
https://twitter.com/ChicagoRising/status/593883644273364992
https://twitter.com/cliffpotts/status/578653110060621826
https://twitter.com/particle61/status/576530108145631233
https://twitter.com/cliffpotts/status/579642525410938880
https://twitter.com/punchumgum/status/577703694159904768
https://twitter.com/debtreliefsteps/status/579328684437340160
https://twitter.com/debtreliefsteps/status/578658573565235200
https://twitter.com/debtreliefsteps/status/576547917286117376
https://twitter.com/debtreliefsteps/status/580026684973277185
https://twitter.com/particle61/status/579357109290024960
https://twitter.com/cliffpotts/status/579268301731188736
https://twitter.com/cliffpotts/status/580007332903419904
https://twitter.com/cliffpotts/status/578326872406171648
https://twitter.com/debtreliefsteps/status/577559517698772992
https://twitter.com/debtreliefsteps/status/577003882703757313
https://twitter.com/jaypash/status/580272993017978880
https://twitter.com/particle61/status/573359763112759296
https://twitter.com/debtreliefsteps/status/574286484481531904
https://twitter.com/debtreliefsteps/status/564682311212363778
https://twitter.com/particle61/status/564163845686444033
https://twitter.com/debtreliefsteps/status/560677284508487680
https://twitter.com/debtreliefsteps/status/570006144439095296
https://twitter.com/debtreliefsteps/status/570076118557929473
https://twitter.com/debtreliefsteps/status/565994074339938304
https://twitter.com/debtreliefsteps/status/564678102161186816
https://twitter.com/particle61/status/558792004545826817
https://twitter.com/particle61/status/557783733642997762
https://twitter.com/debtreliefsteps/status/569131297047601153
https://twitter.com/debtreliefsteps/status/565133743132663808
https://twitter.com/particle61/status/559911563151540224
https://twitter.com/particle61/status/559953998695108608
https://twitter.com/debtreliefsteps/status/566698376314355712
https://twitter.com/debtreliefsteps/status/568287260514189313
https://twitter.com/debtreliefsteps/status/571170899132444672
https://twitter.com/Babywash/status/570678708157198337
https://twitter.com/particle61/status/568899395506212864
https://twitter.com/particle61/status/597496702849941504
https://twitter.com/MSFKwiat/status/610938909355311106
https://twitter.com/debtreliefsteps/status/733117988807696386
https://twitter.com/debtreliefsteps/status/727750639187591168
https://twitter.com/debtreliefsteps/status/729469392103219200
https://twitter.com/debtreliefsteps/status/728948775411060736
https://twitter.com/debtreliefsteps/status/729489332268994560
https://twitter.com/debtreliefsteps/status/732453813559271424
https://twitter.com/debtreliefsteps/status/729244545406238724
https://twitter.com/debtreliefsteps/status/732822118048628736
